el_lo=[4211
4063
3937
3867
3991
4188
4811
5360
5818
6060
6145
6221
6174
5877
5477
5303
5246
5315
5439
5627
5766
5240
4927
4507



4220
4107
3996
4012
4092
4260
4825
5383
5788
6012
6142
6222
6200
5990
5657
5426
5350
5408
5522
5750
5993
5496
5157
4679



4364
4206
4140
4136
4221
4371
4874
5158
5147
5162
5181
5229
5153
4917
4662
4650
4863
5201
5518
5763
5991
5484
5129
4752



4479
4314
4236
4187
4220
4435
5001
5541
5923
6123
6196
6282
6212
5952
5672
5543
5548
5608
5661
5760
5907
5470
5220
4837



4471
4264
4178
4154
4203
4240
4592
5104
5570
5868
6066
6186
6206
5993
5629
5404
5308
5346
5429
5496
5695
5443
5110
4751



4549
4176
4009
3932
3935
3868
4086
4496
4953
5362
5619
5764
5663
5286
4964
4861
4872
5026
5106
5304
5607
5318
4874
4478



4174
4043
4018
4028
4133
4326
4943
5514
5942
6205
6410
6553
6542
6302
5899
5659
5667
5687
5761
5882
5993
5525
5136
4773



4499
4342
4273
4266
4318
4500
5047
5655
6118
6353
6480
6615
6594
6337
5965
5760
5766
5793
5814
5869
5945
5469
5102
4701



4395
4222
4158
4134
4218
4418
4970
5562
6021
6300
6413
6485
6409
6149
5806
5560
5517
5526
5586
5701
5806
5336
5004
4588



4281
4128
4057
3972
4015
4118
4580
5142
5566
5840
6060
6216
6172
5873
5567
5377
5381
5443
5473
5528
5635
5250
4857
4448



4150
4016
3936
3890
3973
4203
4793
5411
5851
6095
6279
6348
6280
6080
5738
5467
5429
5482
5535
5652
5753
5319
5032
4602



4280
4143
4087
4055
4078
4070
4408
4918
5413
5727
5895
6079
6090
5707
5337
5062
5082
5121
5215
5259
5458
5157
4768
4445



4128
3952
3822
3745
3732
3671
3889
4270
4708
5129
5397
5518
5446
5082
4784
4697
4762
4847
4947
5072
5416
5114
4697
4277



3939
3833
3768
3754
3828
4016
4578
5095
5520
5704
5841
5925
5915
5761
5396
5222
5190
5297
5433
5561
5688
5202
4859
4433



4153
3969
3902
3890
3889
4121
4658
5222
5567
5832
5946
6030
5975
5749
5398
5201
5245
5281
5366
5535
5718
5295
4973
4541



4212
4052
3975
3938
4037
4228
4741
5279
5724
5976
6060
6122
6136
5933
5630
5454
5435
5464
5561
5693
5862
5475
5135
4686



4392
4227
4157
4185
4257
4434
4980
5591
6036
6334
6539
6625
6590
6325
5941
5711
5726
5779
5836
5897
6035
5573
5248
4792



4479
4284
4254
4210
4278
4434
4994
5626
6100
6356
6465
6579
6592
6365
6020
5797
5754
5829
5867
5918
6031
5637
5328
4911



4570
4405
4302
4266
4239
4223
4570
5082
5583
5927
6211
6394
6424
6091
5768
5627
5570
5612
5639
5621
5829
5520
5173
4765



4479
4248
4094
4037
4022
3920
4103
4515
4919
5293
5622
5784
5735
5424
5208
5178
5220
5316
5363
5453
5744
5558
5227
4825



4503
4326
4198
4146
4189
4233
4613
5088
5541
5886
6091
6299
6336
6172
5911
5764
5784
5845
5936
6014
6210
5881
5527
5146



4795
4618
4489
4454
4565
4721
5375
6056
6681
7056
7308
7561
7714
7576
7254
7085
7037
7026
6969
6907
6934
6588
6204
5682



5241
5021
4876
4823
4894
5024
5699
6424
7137
7614
7902
8172
8356
8282
8016
7819
7722
7687
7572
7479
7581
7239
6908
6351



5818
5527
5340
5244
5267
5363
5987
6797
7475
8011
8449
8796
9013
8989
8683
8443
8329
8264
8080
7857
7863
7543
7164
6564



6065
5778
5624
5490
5469
5583
6199
7009
7777
8274
8723
9052
9288
9204
8981
8746
8584
8445
8267
8082
8033
7742
7327
6790



6323
6013
5760
5594
5534
5472
5786
6378
7115
7657
8120
8528
8856
8850
8522
8225
8122
8077
7958
7738
7770
7549
7199
6798



6348
5937
5649
5460
5359
5261
5485
5846
6307
6763
7191
7586
7810
7734
7642
7574
7526
7514
7446
7308
7552
7533
7214
6735



6214
5885
5596
5389
5415
5542
6162
7016
7719
8188
8563
8926
9282
9364
9137
8950
8729
8519
8299
8094
8187
7978
7675
7130



6593
6211
6004
5841
5811
5905
6518
7281
8007
8465
8854
9211
9503
9511
9319
9103
8962
8803
8561
8309
8294
8066
7816
7209



6670
6341
6085
5955
5888
5940
6508
7285
8060
8613
8996
9415
9741
9797
9559
9343
9160
8990
8684
8449
8580
8320
8048
7425



6867
6527
6268
6122
6072
6153
6730
7567
8397
8970
9476
9922
10207
10103
9858
9514
9319
9208
9002
8798
8771
8416
8050
7424



6930
6522
6250
6068
6009
6094
6634
7352
8046
8464
8730
9039
9294
9253
9063
8808
8652
8484
8270
8003
7918
7548
7337
6934



6543
6224
6027
5847
5730
5749
6024
6451
6955
7275
7552
7798
7876
7725
7506
7323
7247
7214
7157
7070
7240
7043
6709
6276



5941
5691
5521
5419
5267
5106
5264
5611
6001
6375
6652
6904
7014
6860
6755
6769
6747
6775
6776
6800
7122
7051
6776
6344



5924
5645
5503
5480
5503
5662
6321
7061
7712
8058
8345
8631
8833
8794
8523
8218
8084
7944
7817
7746
7902
7597
7287
6806



6360
6033
5834
5675
5653
5739
6297
7045
7752
8222
8539
8788
9030
8984
8785
8567
8455
8398
8226
8073
8091
7863
7573
7110



6629
6292
6070
5910
5920
5958
6441
7209
7873
8343
8646
8979
9223
9161
8934
8745
8568
8452
8252
8049
8138
7907
7609
7121



6563
6294
6071
5965
5937
5991
6540
7303
7991
8439
8781
9141
9376
9294
9033
8799
8652
8512
8278
8044
8016
7760
7557
7046



6595
6290
6077
5987
5998
6023
6544
7209
7813
8208
8449
8668
8848
8805
8653
8402
8255
8111
7896
7726
7752
7401
7182
6742



6387
6072
5923
5812
5704
5610
5925
6422
6994
7442
7673
7876
8003
7881
7705
7617
7437
7355
7175
7074
7187
6909
6576
6247



5906
5644
5421
5285
5244
5109
5285
5629
6034
6444
6778
7053
7164
7110
7029
7022
7018
7045
7005
7029
7373
7263
6967
6542



6090
5791
5602
5497
5511
5626
6190
6932
7595
8018
8362
8679
8931
8950
8790
8607
8456
8331
8177
8007
8110
7822
7508
6982



6547
6243
6056
5898
5905
6014
6592
7330
8012
8463
8826
9179
9444
9460
9223
9063
8913
8803
8569
8363
8375
7996
7737
7207



6721
6417
6210
6067
6056
6123
6749
7524
8224
8722
9014
9333
9624
9636
9419
9214
9069
8919
8667
8420
8523
8234
7989
7481



6987
6613
6426
6204
6185
6255
6827
7611
8334
8862
9232
9526
9820
9784
9589
9367
9243
9078
8801
8581
8540
8240
7982
7448



6976
6627
6410
6274
6274
6259
6763
7529
8259
8728
9070
9406
9725
9707
9502
9287
9098
8881
8623
8389
8366
8031
7824
7391



6992
6686
6449
6243
6189
6055
6312
6799
7342
7740
8051
8362
8626
8572
8370
8244
8126
8037
7908
7742
7878
7635
7291
6902



6516
6258
6044
5833
5746
5541
5621
5957
6340
6729
7061
7310
7476
7384
7257
7131
7092
7116
6983
6947
7248
7114
6846
6472



6091
5820
5639
5557
5595
5703
6261
7038
7707
8125
8373
8613
8775
8704
8438
8196
7998
7869
7705
7600
7705
7378
7174
6761



6353
6092
5962
5842
5883
5942
6431
7187
7866
8246
8490
8761
8977
8898
8652
8404
8295
8283
8126
7952
7966
7614
7319
6903



6437
6142
5969
5838
5863
5919
6452
7178
7815
8250
8430
8642
8894
8921
8726
8498
8354
8188
8049
7962
8084
7763
7497
6986



6463
6138
5902
5740
5701
5724
6210
6903
7469
7857
8162
8325
8400
8313
8130
7955
7845
7740
7612
7509
7533
7178
6963
6567



6198
5887
5706
5605
5615
5724
6255
6936
7466
7781
7965
8090
8218
8056
7858
7670
7584
7556
7463
7373
7411
7010
6828
6392



6042
5795
5609
5517
5490
5480
